n_up: 8.106569933833132
n_down: 7.8941282522091845
