n_up: 8.485978893023336
n_down: 7.519716273803692
