n_up: 8.212263656488625
n_down: 7.790097503502531
