n_up: 8.644835470144354
n_down: 7.368288987640054
