n_up: 8.455464295902285
n_down: 7.556046675015888
