n_up: 8.203612401509073
n_down: 7.79796225030815
