n_up: 8.328463629706565
n_down: 7.676240995298742
