n_up: 8.107918636227742
n_down: 7.892759582758821
